43
43
43
43
43
43
43
43
43
43
42
43
43
44
44
44
44
44
44
44
45
45
44
44
45
45
46
46
45
44
44
45
57
57
45
42
41
41
41
41
40
40
39
39
39
39
39
39
38
38
38
38
38
38
38
37
37
37
37
37
37
37
37
37
37
37
37
37
37
36
36
36
36
36
36
36
36
36
36
36
36
36
36
36
36
36
36
36
36
36
36
36
36
36
36
36
36
36
36
36
36
36
36
36
36
36
37
37
37
37
37
37
37
37
37
37
37
38
38
38
38
38
39
41
48
39
39
38
40
49
41
39
39
39
40
42
40
39
39
39
42
40
39
39
39
39
39
39
39
38
38
38
38
38
38
38
38
38
38
38
38
38
38
38
38
38
38
38
38
38
37
37
37
37
37
37
37
37
37
38
38
38
38
37
38
38
38
38
38
38
37
38
38
38
38
38
38
38
39
39
39
39
39
40
40
40
40
40
40
40
40
40
41
41
41
42
42
42
42
43
43
43
44
46
50
43
21
21
255
255
255
255
255
255
255
255
255
21
20
20
20
20
20
20
20
20
21
20
21
21
21
21
255
31
33
33
255
32
255
255
255
23
255
255
255
255
255
255
255
255
255
255
255
255
255
21
255
21
21
255
255
255
255
255
255
255
255
255
255
255
255
255
255
255
255
22
21
21
21
21
22
22
22
22
22
22
22
255
255
255
255
255
47
46
48
48
48
47
45
45
44
44
44
44
44
44
43
43
43
43
43
43
43
43
43
43
43
43
43
43
43
42
42
21
20
20
20
20
20
20
21
42
21
20
21
21
42
42
42
42
