128
46
37
37
36
36
41
41
41
41
41
41
41
41
41
41
41
41
41
41
41
41
41
41
41
41
41
41
41
41
41
41
41
41
41
41
41
41
41
41
41
41
41
41
41
41
41
41
41
41
41
41
41
41
41
41
41
41
41
41
41
41
41
41
41
41
41
41
41
41
41
41
41
41
41
41
41
41
41
41
41
41
41
41
41
41
41
41
41
41
41
41
41
41
41
41
41
41
41
41
41
41
41
41
41
41
41
41
41
41
41
41
41
41
41
41
41
41
41
41
41
41
41
20
20
22
22
22
22
22
22
22
22
22
22
22
22
22
22
22
22
22
22
22
22
22
22
22
22
22
22
22
22
22
22
22
22
22
22
22
22
22
22
22
22
22
22
22
22
22
22
22
22
22
22
22
22
22
22
22
22
22
22
22
22
22
22
22
22
22
22
22
22
22
22
22
22
22
22
22
22
22
22
22
22
22
22
22
22
22
22
22
22
79
79
79
79
79
79
79
79
79
79
79
79
79
79
79
79
79
34
34
34
33
33
33
33
33
33
32
32
32
31
30
31
31
31
31
31
31
31
30
30
30
30
29
29
29
29
29
29
29
29
29
29
29
29
29
29
28
28
28
28
28
28
28
28
28
28
28
28
28
28
28
28
28
28
28
28
28
28
28
28
28
29
29
28
28
28
29
29
29
28
28
29
29
29
24
24
24
25
25
23
22
30
23
21
21
21
26
24
21
22
22
22
24
21
30
20
24
23
23
23
23
22
22
22
22
25
23
22
21
21
22
21
22
24
21
23
21
23
21
22
25
23
25
21
22
20
23
