30
30
30
30
30
30
30
30
30
30
30
30
30
30
30
30
30
30
30
30
30
30
30
30
31
31
31
31
31
31
31
31
31
31
31
32
32
32
32
32
32
32
32
33
33
33
33
33
34
34
34
34
35
34
35
35
35
36
37
37
37
37
56
55
55
54
54
54
54
54
53
54
54
21
54
54
54
54
54
53
53
53
53
21
20
53
53
53
53
53
54
53
53
53
53
53
53
53
53
53
53
53
54
53
54
53
53
53
54
54
54
54
54
54
54
54
55
54
54
55
55
55
55
55
55
55
56
56
56
57
57
57
57
57
57
58
58
59
59
59
59
59
59
59
59
59
59
59
59
59
59
59
59
59
59
59
59
59
21
21
21
21
21
21
21
21
21
21
21
21
21
21
174
174
174
37
37
37
37
37
37
37
21
21
21
21
21
21
21
20
21
21
21
21
20
20
20
20
22
22
22
20
20
20
20
20
20
21
21
21
20
20
21
21
20
20
21
21
21
21
21
21
21
21
34
34
34
33
33
33
33
33
32
32
31
31
31
31
31
31
31
31
31
30
30
31
30
30
30
29
30
29
29
29
29
29
29
29
29
29
29
29
29
29
29
29
29
29
29
29
29
29
29
28
29
29
29
29
29
29
29
29
29
29
29
29
29
29
29
29
29
29
29
29
29
29
29
29
29
29
29
29
30
30
30
30
30
30
31
31
31
31
31
31
31
32
31
31
32
32
32
43
32
32
32
34
36
34
32
32
31
32
32
33
33
32
32
31
32
32
31
31
31
31
31
31
31
31
31
30
30
30
30
30
30
30
30
30
30
30
