43
43
43
43
43
43
43
43
43
44
44
44
44
44
44
44
44
44
44
44
44
44
44
44
44
44
44
45
45
46
45
45
45
45
45
46
46
47
47
45
45
45
49
49
49
44
44
44
45
45
21
44
44
20
20
43
43
43
43
43
43
42
42
42
42
42
42
42
42
41
41
41
41
41
41
41
41
41
41
41
21
21
41
41
41
40
40
40
40
40
40
41
41
40
41
41
41
41
41
40
40
40
40
41
41
41
41
41
41
41
41
41
41
41
41
41
41
41
41
42
42
42
42
42
21
21
21
43
42
42
44
56
56
42
42
42
42
56
56
42
41
41
41
40
40
40
40
40
40
40
40
40
40
40
40
39
39
39
39
39
39
39
39
39
39
39
39
39
39
39
38
38
38
38
38
38
38
38
38
38
38
38
38
38
38
38
38
38
38
38
38
38
38
38
39
39
39
38
39
39
39
39
39
39
39
39
39
39
39
40
40
40
40
40
39
40
40
40
40
41
41
42
41
41
35
43
43
45
45
49
50
50
51
48
48
49
49
49
49
49
51
52
52
46
46
52
52
52
47
47
49
51
51
51
49
49
50
50
50
49
49
47
47
54
54
50
55
55
55
55
55
55
55
55
55
55
55
55
55
55
55
55
55
55
55
55
55
55
55
55
55
55
55
55
55
55
55
55
55
55
55
55
55
55
55
55
55
55
55
55
55
55
55
55
55
55
55
50
49
49
49
49
49
48
48
48
48
48
47
47
46
46
46
46
46
46
46
46
46
46
46
45
45
45
45
45
45
45
44
45
44
44
44
44
44
44
44
44
44
44
